159
158
174
196
197
194
209
213
214
222
223
228
229
236
237
238
241
248
255
256
257
269
276
292
302
304
308
309
311
315
314
320
323
324
329
330
311
340
341
342
341
347
349
350
367
370
378
379
378
379
389
390
393
388
393
402
405
404
402
410
411
441
449
448
449
450
412
414
415
418
420
440
439
458
459
457
463
465
469
470
479
480
481
482
475
468
467
472
484
486
498
489
493
511
510
493
495
494
514
517
520
521
544
557
563
565
568
572
571
572
575
584
583
599
600
605
612
615
618
625
627
633
663
665
666
669
683
706
716
722
731
734
739
741
754
760
765
783
788
795
811
813
818
805
816
821
829
830
854
855
850
859
860
866
867
866
867
874
875
876
870
875
878
880
884
898
915
918
922
923
949
942
945
949
970
956
969
964
972
973
975
974
970
989
990
993
994
1002
1003
1007
1013
1025
1035
1033
1040